223816
223814
223674
223748
223747
223730
223830
223755
223781
223760
223759
223757
223806
223721
223778
224188
224019
224137
223908
223020
223270
224561
223852
224093
220996
223776
223782
223712
223724
223761
223774
223777
223799
223808
223718
221604
223991
223213
224040
223958
224117
223558
224222
224007
222943
215838
223695
224220
224223
224217
224219
224227
224226
224627
224101
223911
223210
224500
224506
221671
222227
224340
223586
224205
224399
224037
223832
220451
201105
224184
216891
223744
224236
224232
223426
224256
224047
224161
220891
224311
223836
224111
223083
213592
223904
224344
223719
224034
224511
223645
223398
224030
224058
222217
223928
224170
224282
224280
224476
224434
224330
224013
224362
224259
223188
224559
224230
224585
224832
224035
223949
223679
220171
224507
224609
223585
224449
224446
223819
224015
222175
224314
223790
222928
224049
224453
224406
224819
224478
223380
224242
224160
224028
224145
224893
222322
223610
223484
223611
221056
223847
224179
223490
224153
224323
224678
224154
223784
224310
223625
223263
223837
224267
224348
224440
223120
223947
223811
223833
223689
218203
219686
223605
224042
223965
223466
221118
223379
221122
221113
221119
221120
221117
223332
223330
224363
223219
223729
224734
223992
224370
224704
224396
223932
224011
223725
223829
223810
223821
223673
223825
223831
222927
219560
224075
223838
223824
223753
223745
223734
223740
223881
223768
223805
223659
223834
223735
224612
224339
223943
224221
224295
224655
221336
224534
223240
222810
221386
221860
221465
219577
221464
220487
213734
195136
224499
223706
223271
224746
223172
224390
223798
222758
224383
224350
224342
224158
223417
224509
223690
224286
224207
224307
224186
223513
224388
224515
224322
224318
224155
223363
223566
223495
224108
220308
223124
223867
222462
223873
223015
223131
223523
223331
223444
223386
224807
223387
223694
224736
224072
224333
223896
224479
224611
224329
196222
224159
223822
223754
223864
223144
224051
223733
223668
223858
224008
224644
224639
213928
224417
224190
224643
219550
223005
223980
224457
223922
224235
224213
223698
223633
223919
223564
224319
223325
223619
224580
218489
223646
224660
224473
224326
223654
224460
224409
224682
224524
224128
223264
224651
223609
224352
219123
221304
220131
217123
224466
224526
224283
224376
224231
224596
223364
223366
224238
224325
224337
223075
224408
224452
224402
223859
224016
224141
224263
224345
224693
224021
224703
224829
224825
224810
224758
224554
223684
224309
223762
223802
223738
223751
223820
223771
223772
223773
223785
223827
224780
224525
